# oST version 5.0 parameters


[image]

width
640

height
360

[narrow_stereo]

camera matrix
488.784961 0.000000 303.180970
0.000000 525.080098 212.745141
0.000000 0.000000 1.000000

distortion
-0.005128 -0.042283 0.023481 0.000101 0.000000

rectification
1.000000 0.000000 0.000000
0.000000 1.000000 0.000000
0.000000 0.000000 1.000000

projection
487.611511 0.000000 302.058087 0.000000
0.000000 522.744263 218.745747 0.000000
0.000000 0.000000 1.000000 0.000000

