image_width: 640
image_height: 360
camera_name: camera
camera_matrix:
  rows: 3
  cols: 3
  data: [488.784961, 0.000000, 303.180970, 0.000000, 525.080098, 212.745141, 0.000000, 0.000000, 1.000000]
distortion_model: plumb_bob
distortion_coefficients:
  rows: 1
  cols: 5
  data: [-0.005128, -0.042283, 0.023481, 0.000101, 0.000000]
rectification_matrix:
  rows: 3
  cols: 3
  data: [1.000000, 0.000000, 0.000000, 0.000000, 1.000000, 0.000000, 0.000000, 0.000000, 1.000000]
projection_matrix:
  rows: 3
  cols: 4
  data: [487.611511, 0.000000, 302.058087, 0.000000, 0.000000, 522.744263, 218.745747, 0.000000, 0.000000, 0.000000, 1.000000, 0.000000]
