# oST version 5.0 parameters


[image]

width
1280

height
720

[narrow_stereo]

camera matrix
1105.979437 0.000000 677.938242
0.000000 1165.805212 495.568338
0.000000 0.000000 1.000000

distortion
-0.038229 0.006057 0.018729 0.004589 0.000000

rectification
1.000000 0.000000 0.000000
0.000000 1.000000 0.000000
0.000000 0.000000 1.000000

projection
1096.549805 0.000000 683.745262 0.000000
0.000000 1149.716187 504.764548 0.000000
0.000000 0.000000 1.000000 0.000000

